timestamp,solving_id,question_id,user_answer,elapsed_time
1544539007652,1,q5011,c,33000
1544539022065,2,q5359,a,11000
1544539055900,3,q6759,d,31000
1544539079502,4,q391,b,20000
1544539125430,5,q4103,d,43000
1544539170240,6,q3950,d,42000
1544539196082,7,q4539,a,22000
1544539387287,8,q5414,d,39000
1544539420837,9,q3774,c,19000
1544539452937,10,q6228,b,20000
1544539520451,11,q9514,b,28000
1544539570622,12,q5330,a,17000
1544539608959,13,q4559,d,19000
1544539663886,14,q5942,a,7000
1544539695718,15,q8827,b,5000
1544539718683,16,q4765,b,7000
1544539770476,17,q4166,b,9000
1544570176968,18,q5596,b,66000
1544570510484,19,q9026,d,54000
1544570746001,20,q3928,d,22000
1544570941009,21,q5777,c,44000
1544571088085,22,q5961,a,78000
1544571224216,23,q9498,c,39000
1544571423983,24,q4536,a,50000
1544571516605,25,q5243,d,25000
1544571558717,26,q5390,c,18000
1544571603862,27,q5812,a,29000
1544676114963,28,q8110,a,22000
1544676153623,29,q8050,c,24000
1544676181285,30,q8144,d,21000
1544676212452,31,q11204,b,23000
1544676240279,32,q8061,b,20000
1544676272045,33,q8075,b,25000
1544676309392,34,q8126,c,23000
1544676345226,35,q11022,a,22000
1544676552753,36,q8055,b,28000
1544676593462,37,q8052,c,25000
1544676622751,38,q42,b,18000
1544676653743,39,q10968,a,19000
1544676683490,40,q8121,a,21000
1544676715254,41,q193,a,23000
1544676747497,42,q145,a,23000
1544676932607,43,q3788,d,44000
1544676986240,44,q5650,d,6000
1544677013011,45,q5733,b,7000
1544677115230,46,q8882,a,41000
1544677160476,47,q4418,a,8000
1544677193430,48,q4099,b,8000
1544677210663,49,q5392,d,8000
1544677298759,50,q10221,d,28000
1544677388920,51,q5391,c,75000
1544677764760,52,q5392,a,28000
1544677818041,53,q5391,d,38000
1544677962433,54,q4474,b,61000
1544678013966,55,q5676,c,6000
1544678072010,56,q9489,c,49000
1544678148983,57,q4470,a,61000
1544678256380,58,q5328,c,64000
1544678359551,59,q6100,a,61000
1544678398146,60,q9175,d,14000
1544678507510,61,q727,a,10000
1544678533392,62,q894,b,19000
1544678609785,63,q1358,b,16000
1544678631014,64,q11263,b,15000
1544678656507,65,q248,b,18000
1544678685427,66,q834,a,19000
1544678709224,67,q743,b,15000
1544678732147,68,q11259,b,17000
1544678755204,69,q1207,b,16000
1544678785168,70,q1168,b,17000
1544678866328,71,q11056,c,21000
1544678896326,72,q135,a,23000
1544679125220,73,q4361,a,8000
1544679142819,74,q4729,a,7000
1544679377052,75,q5313,b,24000
1544680067760,76,q200,c,17000
1544680097189,77,q11249,b,22000
1544680173646,78,q639,b,19000
1544680194846,79,q954,b,15000
1544680217645,80,q1224,b,16000
1544680253035,81,q11261,c,20000
1544680405684,82,q9868,a,30000
1544680463491,83,q5044,a,29000
1544680553259,84,q6139,c,61000
1544681140172,85,q6100,d,43000
1544681192094,86,q6139,b,15000
1544681234546,87,q5724,b,25000
1544681281179,88,q10241,b,34000
1544681416462,89,q5036,a,69000
1544681547116,90,q6525,d,54000
1544681662615,91,q3910,d,66000
1544687659961,92,q4765,a,7000
1544687700068,93,q3910,c,32000
1544687775880,94,q9042,a,32000
1544687837806,95,q5738,c,33000
1544687972011,96,q6017,c,53000
1544687999794,97,q6729,d,10000
1544688031908,98,q9934,d,13000
1544688060974,99,q5732,c,15000
1544688123876,100,q3980,b,49000
1544688178866,101,q6211,a,30000
1544688222590,102,q8902,a,25000
1544688265561,103,q6249,b,28000
1544688377896,104,q4443,a,55000
1544688431118,105,q5072,a,7000
1544688476731,106,q9782,d,34000
1544688552031,107,q6185,a,37000
1544688642694,108,q6225,b,42000
1544688745255,109,q3804,b,22000
1544688776671,110,q9426,c,21000
1544688867905,111,q6062,b,84000
1544688985154,112,q6724,a,29000
1544689023867,113,q4558,c,30000
1544689086727,114,q10202,c,43000
1544689157655,115,q4161,a,40000
1544698994990,116,q4143,d,36000
1544699051358,117,q6127,d,32000
1544699352722,118,q8193,c,31000
1544699603878,119,q5649,b,28000
1544700732057,120,q6255,d,11000
1544701740726,121,q4561,c,16000
1544701884948,122,q8844,b,44000
1544701989708,123,q4596,b,60000
1544702120107,124,q5771,a,73000
1544702199221,125,q4615,c,32000
1544702431065,126,q9740,b,79000
1544702476360,127,q3776,d,24000
1544702591229,128,q5406,a,51000
1544702954207,129,q5459,b,44000
1544703028397,130,q9894,b,28000
1544703056149,131,q4769,a,7000
1544703099144,132,q6220,a,33000
1544703172541,133,q4376,c,51000
1544703300738,134,q8977,b,37000
1544703390967,135,q5616,d,39000
1544703448409,136,q6509,a,15000
1544703585702,137,q954,b,22000
1544703612049,138,q1224,c,17000
1544704860297,139,q3935,d,26000
1544704936059,140,q8923,a,22000
1544704995461,141,q6446,d,9000
1544705303735,142,q140,d,54000
1544705348303,143,q8180,d,25000
1544705373940,144,q11113,d,21000
1544705443695,145,q732,b,20000
1544705486809,146,q406,c,24000
1544705508072,147,q634,a,14000
1544705532648,148,q295,c,15000
1544705554001,149,q952,b,14000
1544705649815,150,q2560,b,22000
1544705649828,150,q2561,b,22000
1544705649859,150,q2559,b,22000
1544712610944,151,q4508,b,31000
1544712666964,152,q5761,b,42000
1544712766071,153,q9155,c,54000
1544712894817,154,q5667,a,49000
1544713186694,154,q5667,b,7000
1544713209357,155,q6525,a,12000
1544713258511,156,q5666,c,21000
1544714002239,157,q4297,b,124000
1544714117466,158,q9695,d,76000
1544714420540,159,q6533,b,116000
1544715574563,160,q1827,a,6333
1544715574583,160,q1828,c,6333
1544715574647,160,q1829,d,6333
1544715655541,161,q1623,a,6333
1544715655602,161,q1624,b,6333
1544715655691,161,q1625,d,6333
1544715850091,161,q1624,a,6333
1544715850154,161,q1623,b,6333
1544715850154,161,q1625,d,6333
1544715891658,162,q1828,c,4000
1544715891680,162,q1827,a,4000
1544715891740,162,q1829,d,4000
1544715914723,163,q6533,d,16000
1544715927499,164,q9695,a,3000
1544715940046,165,q4297,c,3000
1544715968633,166,q5666,c,23000
1544716055523,167,q6525,c,23000
1544716153424,168,q5667,b,15000
1544716183831,169,q9155,a,4000
1544716777227,170,q5761,c,26000
1544716785464,171,q4508,b,3000
1544716806098,172,q2559,d,2333
1544716806233,172,q2560,d,2333
1544716806251,172,q2561,a,2333
1544716817755,173,q952,a,4000
1544716909577,174,q5770,c,43000
1544716995892,175,q5395,c,56000
1544717050039,176,q4892,b,17000
1544717095913,177,q5991,d,30000
1544748097734,178,q4558,b,8000
1544748197873,179,q4559,b,21000
1544748305117,180,q6497,c,45000
1544749264733,181,q5328,b,46000
1544749280135,182,q6497,d,6000
1544749348757,183,q3687,d,24000
1544749435520,184,q8804,a,17000
1544749491214,185,q6217,d,32000
1544749955265,186,q4438,a,10000
1544749987499,187,q6385,d,19000
1544750004748,188,q8370,a,9000
1544750065863,189,q4543,a,30000
1544750122252,190,q4790,b,17000
1544750187798,191,q6071,d,53000
1544751589534,192,q8942,c,60000
1544751734758,193,q4049,b,23000
1544751841370,194,q4037,d,72000
1544751950474,195,q6294,c,48000
1544752063960,196,q9944,d,79000
1544752326646,197,q6454,c,13000
1544752420650,198,q5267,c,71000
1544752518488,199,q5767,b,39000
1544752598798,200,q8952,a,55000
1544752680947,201,q4709,b,16000
1544752731057,202,q6345,a,40000
1544752793676,203,q5233,a,55000
1544752839983,204,q8367,d,25000
1544752892128,205,q4591,a,26000
1544752960881,206,q6465,a,39000
1544763083215,207,q5321,a,40000
1544763159937,208,q9038,a,47000
1544763274868,209,q5287,b,35000
1544763423568,210,q6189,d,26000
1544763546756,211,q5309,a,42000
1544763981201,212,q9199,b,38000
1544764096049,213,q6335,d,97000
1544764412884,214,q4158,a,127000
1544764548616,215,q4028,b,55000
1544764679980,216,q10136,d,112000
1544764982475,217,q4735,d,92000
1544765137952,218,q4743,d,130000
1544765197702,219,q6120,c,6000
1544765266323,220,q10234,d,61000
1544765283274,221,q5372,b,9000
1544765463790,222,q5043,b,172000
1544765598364,223,q5060,c,79000
1544765733681,224,q8790,c,64000
1544765797055,225,q4168,a,12000
1544765868546,226,q4476,d,63000
1544766139871,227,q6115,c,202000
1544766358178,228,q9368,b,94000
1544766981108,229,q4883,a,10000
1544767009894,230,q4844,c,7000
1544767106650,231,q5257,c,66000
1544769502193,232,q4297,c,65000
1544769581293,233,q5257,d,33000
1544769789716,234,q9162,b,46000
1544769857065,235,q5401,d,32000
1544769943861,236,q5031,b,50000
1544770145594,237,q8,b,24000
1544770184532,238,q89,a,24000
1544770232255,239,q87,a,25000
1544770265172,240,q11036,c,20000
1544770294153,241,q8178,c,22000
1544770327760,242,q19,a,22000
1544770370753,243,q175,b,22000
1544770485930,244,q2943,a,6000
1544770485930,244,q2945,b,6000
1544770485956,244,q2944,c,6000
1544770675016,245,q3687,c,20000
1544770714337,246,q4844,b,9000
1544770728406,247,q5950,d,6000
1544770762111,248,q9686,c,25000
1544770838889,249,q5683,b,56000
1544770955443,250,q4582,a,26000
1544771993515,251,q5103,c,20000
1544773002797,252,q8824,d,22000
1544774522281,253,q3691,d,7000
1544774893362,253,q3691,a,1000
1544774915874,254,q5683,a,13000
1544775001286,255,q3925,a,55000
1544775156426,256,q3703,b,62000
1544775611679,257,q6099,a,89000
1544775808069,258,q4077,b,122000
1544775924397,259,q4043,b,83000
1544779524783,260,q5416,b,10000
1544779875362,261,q9382,d,65000
1544780214560,262,q4027,b,172000
1544781480573,263,q6294,b,27000
1544781516896,264,q4027,a,14000
1544781613168,265,q8658,b,73000
1544781876630,266,q5223,a,107000
1544781965597,267,q9832,c,46000
1544782510775,268,q4008,d,57000
1544782534899,269,q5458,c,7000
1544782557489,270,q8398,c,14000
1544782666025,271,q9005,b,95000
1544782754025,272,q4894,c,23000
1544782782555,273,q5741,c,21000
1544782907754,274,q5769,b,30000
1544783037337,275,q9848,c,70000
1544783089276,276,q4199,b,7000
1544783126716,277,q5286,a,26000
1544783185461,278,q4295,a,5000
1544783231290,279,q10304,a,39000
1544783291855,280,q5319,c,31000
1544783353841,281,q6390,b,29000
1544783411164,282,q6466,c,13000
1544783603968,283,q8368,b,20000
1544783673787,284,q3692,d,55000
1544784005149,285,q6071,b,2000
1544784026397,286,q3692,a,10000
1544784124572,287,q4556,c,8000
1544784156609,288,q5553,a,19000
1544784941746,289,q10081,b,54000
1544785378319,290,q5381,c,94000
1544785510786,291,q5284,c,52000
1544785638080,292,q5786,d,76000
1544785796098,293,q10200,b,96000
1544785966548,294,q3982,a,39000
1544786017041,295,q4062,a,36000
1544788030366,296,q5942,b,7000
1544788063206,297,q5381,a,17000
1544788112474,298,q6216,c,33000
1544788189772,299,q9437,c,49000
1544788269163,300,q8455,d,25000
1544788303761,301,q5691,a,6000
1544788464431,302,q5346,c,29000
1544788626635,303,q9744,c,25000
1544788721080,304,q6074,c,51000
1544788774282,305,q6732,b,25000
1544788892012,306,q5169,c,74000
1544788996709,307,q9770,b,31000
1544790127453,308,q6021,d,14000
1544790147652,309,q3818,d,5000
1544790159007,310,q4001,b,3000
1544790184802,311,q10059,c,18000
1544790254277,312,q4732,d,44000
1544790302041,313,q6348,d,19000
1544790407034,314,q5682,c,49000
1544790462777,315,q8784,d,21000
1544790529110,316,q4510,a,25000
1544790599408,317,q6409,a,34000
1544790701526,318,q8653,b,60000
1544790874918,319,q10139,b,157000
1544790952107,320,q4320,d,45000
1544791155485,320,q4320,b,136000
1544791226828,321,q10139,b,3000
1544791243616,322,q8653,b,8000
1544791252534,323,q6409,a,2000
1544791263935,324,q4510,a,2000
1544791276602,325,q8784,a,7000
1544791285700,326,q5682,c,2000
1544791293198,327,q6348,a,2000
1544791469756,328,q878,c,24000
1544791549813,329,q588,b,23000
1544791629888,330,q11262,a,21000
1544791668134,331,q1292,c,16000
1544791758596,332,q4483,b,33000
1544795020699,333,q2105,b,5333
1544795020704,333,q2104,b,5333
1544795020756,333,q2103,d,5333
1544795492501,334,q5313,c,32000
1544795569380,335,q4483,d,16000
1544796457105,336,q6494,c,11000
1544796533157,337,q8906,d,54000
1544797895240,338,q6333,b,33000
1544798173642,339,q3739,c,67000
1544798326667,340,q3826,c,104000
1544798373561,341,q9051,d,11000
1544805762399,342,q3688,d,34000
1544805869451,343,q5734,b,21000
1544839458852,344,q6523,b,18000
1544839487989,345,q9684,a,8000
1544839508745,346,q3909,a,14000
1544839550363,347,q6733,a,24000
1544839573872,348,q5475,a,4000
1544839600696,349,q8634,c,20000
1544841242715,350,q8952,d,19000
1544841318564,351,q3776,a,12000
1544843629618,352,q5691,c,5000
1544843640583,353,q5401,d,5000
1544843672725,354,q3774,a,27000
1544843719646,355,q1292,a,5000
1544843726904,356,q19,a,2000
1544843736084,357,q634,c,4000
1544843802540,358,q5060,c,61000
1544843847388,359,q6465,b,10000
1544843874832,360,q9894,a,16000
1544843971605,361,q5221,a,13000
1544844047821,362,q5405,c,28000
1544844133076,363,q6452,d,8000
1544844221472,364,q8737,a,57000
1544844329547,365,q6060,c,5000
1544844347820,366,q5693,c,10000
1544844419586,367,q5234,b,53000
1544844659300,368,q10240,a,59000
1544844746508,369,q8482,a,12000
1544844776550,370,q6091,c,12000
1544844804307,371,q4630,a,17000
1544844915009,372,q8710,d,70000
1544845129960,373,q5248,a,18000
1544845165173,374,q3692,c,10000
1544845194601,375,q5693,a,14000
1544845203138,376,q5691,c,2000
1544845218498,377,q6071,b,8000
1544848552904,378,q5630,a,65000
1544848629043,379,q5473,b,12000
1544848647326,380,q9338,d,10000
1544848691971,381,q5040,d,37000
1544848752524,382,q4821,d,16000
1544848770797,383,q4827,a,8000
1544848800547,384,q8766,c,20000
1544850187746,385,q3724,d,30000
1544850217506,386,q9621,b,7000
1544850237708,387,q5185,b,10000
1544850260694,388,q9451,b,15000
1544850298247,389,q6147,b,4000
1544850328169,390,q5780,c,16000
1544850369169,391,q5678,b,26000
1544850418756,392,q10217,c,36000
1544850474323,393,q5765,a,24000
1544850510425,394,q5323,b,23000
1544850553315,395,q3914,a,10000
1544850593508,396,q8719,a,26000
1544850970359,397,q6541,d,20000
1544851064810,398,q4822,b,18000
1544851111420,399,q5654,a,9000
1544851207457,400,q8769,a,61000
1544851223116,401,q4318,d,3000
1544851247673,402,q5632,a,13000
1544851311763,403,q6064,a,18000
1544870618070,404,q10954,c,21000
1545011513464,405,q174,a,23000
1545011622212,406,q8065,a,30000
1545013792112,407,q131,d,26000
1545026841125,408,q11243,b,22000
1545026875417,409,q8103,a,23000
1545026903919,410,q195,c,3000
1545026939749,411,q8054,b,23000
1545027002787,412,q11071,a,23000
1545027103934,413,q8080,d,21000
1545027132629,414,q108,a,22000
1545027277021,415,q103,c,21000
1545027326478,416,q11060,c,18000
1545027352353,417,q8137,d,18000
1545027397203,418,q165,d,24000
1545027572775,419,q62,c,36000
1545027615458,420,q11059,a,22000
1545027645856,421,q186,d,18000
1545027727259,422,q8152,c,20000
1545027755433,423,q188,c,22000
1545027791781,424,q11194,b,24000
1545027834262,425,q121,b,26000
1545029952266,426,q151,d,23000
1545029979827,427,q8095,b,20000
1545030008904,428,q10999,d,23000
1545030046894,429,q8161,d,25000
1545030084097,430,q14,a,24000
1545030130334,431,q85,d,26000
1545030179306,432,q11112,b,22000
1545030216224,433,q31,b,19000
1545030244193,434,q153,a,22000
1545030288516,435,q8170,a,21000
1545030316756,436,q10973,a,22000
1545030341939,437,q13,a,19000
1545030370436,438,q8090,a,20000
1545030389293,439,q32,a,8000
1545030418232,440,q11109,a,22000
1545030449155,441,q8096,a,22000
1545030696747,442,q65,a,21000
1545030854046,443,q186,a,2000
1545030862274,444,q65,d,3000
1545030904134,445,q8113,c,30000
1545032464594,446,q773,b,14000
1545040739600,447,q1661,d,1000
1545040739658,447,q1660,a,1000
1545040739683,447,q1659,c,1000
1545041137424,448,q2075,a,1333
1545041138067,448,q2073,c,1333
1545041138071,448,q2074,b,1333
1545053203932,449,q2142,b,1000
1545053203964,449,q2144,c,1000
1545053204002,449,q2143,b,1000
1545054102193,450,q1429,a,1333
1545054102332,450,q1430,d,1333
1545054102398,450,q1428,b,1333
1545054345734,451,q2252,c,666
1545054345784,451,q2250,b,666
1545054345813,451,q2251,a,666
1545054445536,452,q1729,d,333
1545054445540,452,q1730,d,333
1545054445545,452,q1728,b,333
1545054527481,453,q1634,c,3666
1545054527699,453,q1633,b,3666
1545054527737,453,q1632,d,3666
1545055913890,454,q1463,a,2000
1545055913919,454,q1461,d,2000
1545055913920,454,q1462,d,2000
1545057976989,455,q2519,a,666
1545057977209,455,q2517,a,666
1545057977231,455,q2518,c,666
1545059367588,456,q2285,a,5666
1545059367606,456,q2283,c,5666
1545059367612,456,q2284,d,5666
1545059436622,457,q2536,b,4666
1545059436675,457,q2535,d,4666
1545059436683,457,q2537,c,4666
1545059549490,458,q2004,a,1666
1545059549516,458,q2006,b,1666
1545059549528,458,q2005,c,1666
1545095919324,459,q2558,b,8666
1545095919329,459,q2557,c,8666
1545095919351,459,q2556,b,8666
1545099613070,460,q2403,a,7666
1545099613168,460,q2404,a,7666
1545099613213,460,q2405,d,7666
1545099974487,461,q2293,c,8000
1545099974497,461,q2294,b,8000
1545099974507,461,q2292,d,8000
1545102324831,462,q1408,c,333
1545102324947,462,q1407,d,333
1545102324975,462,q1409,d,333
1545102383502,463,q1723,a,666
1545102383684,463,q1722,a,666
1545102383725,463,q1724,c,666
1545103674359,464,q1604,c,5666
1545103674390,464,q1603,b,5666
1545103674508,464,q1602,c,5666
1545106603257,465,q2284,b,5666
1545106603257,465,q2285,c,5666
1545106603276,465,q2283,a,5666
1545106690733,466,q2356,b,4333
1545106690792,466,q2357,d,4333
1545106690812,466,q2355,b,4333
1545107591077,467,q1642,c,1666
1545107591099,467,q1643,c,1666
1545107591200,467,q1641,c,1666
1545107703917,468,q1858,a,1333
1545107703930,468,q1857,c,1333
1545107703939,468,q1859,c,1333
1545107806986,469,q1974,b,1000
1545107807070,469,q1975,a,1000
1545107807073,469,q1976,c,1000
1545107928570,470,q2410,a,3666
1545107928572,470,q2411,c,3666
1545107928604,470,q2409,b,3666
1545109973214,471,q3354,c,2000
1545109973217,471,q3355,d,2000
1545109973277,471,q3356,d,2000
1545117105154,472,q2658,d,4666
1545117105185,472,q2659,d,4666
1545117105599,472,q2660,c,4666
1545119378032,473,q3133,c,666
1545119378102,473,q3132,b,666
1545119378209,473,q3134,b,666
1545119497501,474,q3425,b,2000
1545119497617,474,q3423,b,2000
1545119497677,474,q3424,a,2000
1545119984185,475,q2704,b,1333
1545119984203,475,q2703,b,1333
1545119984222,475,q2705,c,1333
1545128457390,476,q3415,b,9000
1545128457409,476,q3416,b,9000
1545128457417,476,q3414,b,9000
1545129090630,477,q9941,b,50000
1545129139783,478,q3916,d,27000
1545129165123,479,q4124,a,8000
1545129307419,480,q2805,a,16666
1545129307488,480,q2807,c,16666
1545129307527,480,q2806,b,16666
1545130681808,481,q3296,c,25666
1545130681836,481,q3294,a,25666
1545130681864,481,q3295,c,25666
1545138329555,482,q2081,d,333
1545138329706,482,q2080,c,333
1545138329770,482,q2079,a,333
1545138684548,483,q1969,a,8000
1545138684596,483,q1968,c,8000
1545138684766,483,q1970,a,8000
1545138974418,484,q2478,c,8000
1545138974445,484,q2480,d,8000
1545138974459,484,q2479,b,8000
1545139090196,485,q2583,c,4333
1545139090208,485,q2585,a,4333
1545139090219,485,q2584,a,4333
1545139311693,486,q2147,c,3333
1545139311738,486,q2146,b,3333
1545139311749,486,q2145,c,3333
1545139459350,487,q2258,d,4333
1545139459370,487,q2256,c,4333
1545139459393,487,q2257,c,4333
1545139694428,488,q2002,c,8333
1545139694502,488,q2003,a,8333
1545139694512,488,q2001,b,8333
1545139903154,489,q1875,b,4666
1545139903233,489,q1877,c,4666
1545139903363,489,q1876,b,4666
1545140072622,490,q2011,c,5666
1545140072662,490,q2010,a,5666
1545140072862,490,q2012,b,5666
1545140262155,491,q1540,b,3000
1545140262345,491,q1541,c,3000
1545140262356,491,q1539,c,3000
1545140395550,492,q2170,a,4333
1545140395550,492,q2171,d,4333
1545140395610,492,q2169,a,4333
1545140747833,493,q1885,c,30000
1545140747839,493,q1884,b,30000
1545140747903,493,q1886,a,30000
1545141246695,494,q1476,a,25333
1545141246695,494,q1477,b,25333
1545141246707,494,q1478,a,25333
1545141411567,495,q2522,c,2333
1545141411625,495,q2521,d,2333
1545141411764,495,q2520,b,2333
1545147640361,495,q2520,a,2000
1545147640477,495,q2522,d,2000
1545147640857,495,q2521,a,2000
1545147727052,496,q1651,b,5000
1545147727064,496,q1652,c,5000
1545147727181,496,q1650,d,5000
1545147849304,497,q2219,c,5000
1545147849336,497,q2218,d,5000
1545147849353,497,q2217,a,5000
1545147948907,498,q1480,b,4666
1545147948908,498,q1479,c,4666
1545147948943,498,q1481,a,4666
1545149666602,499,q2656,b,666
1545149666658,499,q2657,a,666
1545149666678,499,q2655,a,666
1545175710853,500,q10951,a,22000
1545175797362,501,q56,c,22000
1545175823899,502,q184,a,21000
1545175845427,503,q8097,a,10000
1545175874579,504,q11055,d,22000
1545175919757,505,q8172,a,23000
1545175974463,506,q49,c,20000
1545176002046,507,q15,c,21000
1545176061628,508,q485,b,16000
1545176189453,509,q742,a,10000
1545176240910,510,q1154,b,14000
1545176264047,511,q1321,a,8000
1545176293944,512,q726,a,20000
1545176316342,513,q899,c,16000
1545176337358,514,q1247,a,15000
1545176367449,515,q327,c,18000
1545176400164,516,q1342,c,26000
1545176430505,517,q1063,b,16000
1545176463768,518,q1110,b,27000
1545176501137,519,q540,a,20000
1545178020163,520,q2699,c,2333
1545178020245,520,q2697,d,2333
1545178020262,520,q2698,b,2333
1545178297249,521,q3355,a,1000
1545178297285,521,q3356,c,1000
1545178297303,521,q3354,b,1000
1545178378919,522,q3064,d,6000
1545178378929,522,q3063,c,6000
1545178378974,522,q3065,a,6000
1545178998208,523,q3366,a,1333
1545178998208,523,q3367,c,1333
1545178998241,523,q3368,b,1333
1545179344358,524,q3041,d,7000
1545179344358,524,q3039,c,7000
1545179344418,524,q3040,a,7000
1545180249341,525,q2637,b,1000
1545180249355,525,q2638,a,1000
1545180249387,525,q2639,d,1000
1545180856322,526,q1600,d,2666
1545180856392,526,q1601,b,2666
1545180856397,526,q1599,b,2666
1545183545210,527,q3131,d,1666
1545183545218,527,q3129,b,1666
1545183545252,527,q3130,a,1666
1545183797812,528,q2834,c,4666
1545183797824,528,q2832,b,4666
1545183798061,528,q2833,a,4666
1545183914290,529,q3255,b,2666
1545183914314,529,q3256,a,2666
1545183914338,529,q3257,c,2666
1545184068676,530,q2926,a,1666
1545184068677,530,q2925,d,1666
1545184068697,530,q2927,c,1666
1545184188395,531,q3454,d,1666
1545184188420,531,q3453,b,1666
1545184188492,531,q3455,a,1666
1545186313749,532,q3083,d,1000
1545186313812,532,q3081,a,1000
1545186313826,532,q3082,b,1000
1545186652872,533,q3070,c,3000
1545186652875,533,q3071,b,3000
1545186652929,533,q3069,a,3000
1545191728703,534,q3004,d,3333
1545191728731,534,q3005,d,3333
1545191728738,534,q3003,a,3333
1545192204202,535,q503,b,17000
1545192270688,536,q289,b,4000
1545192286328,537,q569,a,9000
1545192309247,538,q909,a,16000
1545192334535,539,q691,c,17000
1545192361515,540,q806,a,18000
1545192387299,541,q270,c,16000
1545192414148,542,q266,a,18000
1545192439207,543,q1004,b,18000
1545192463629,544,q648,c,18000
1545192487517,545,q1206,c,17000
1545192520753,546,q575,c,24000
1545192544102,547,q596,b,12000
1545192563010,548,q722,a,13000
1545192583050,549,q1300,b,13000
1545192605608,550,q599,a,16000
1545192626773,551,q1155,a,15000
1545192656041,552,q610,a,20000
1545192680867,553,q669,b,16000
1545193183858,554,q5231,a,14000
1545193232609,555,q9371,c,27000
1545193255802,556,q4518,b,9000
1545193325314,557,q9612,b,51000
1545194173864,558,q8668,b,32000
1545195550603,559,q8359,c,37400
1545195550604,559,q8361,b,37400
1545195550608,559,q8360,b,37400
1545195550629,559,q8357,c,37400
1545195550791,559,q8358,b,37400
1545198926278,560,q8798,b,24000
1545199478874,561,q5454,d,11000
1545199525065,562,q4521,a,36000
1545199547474,563,q4012,c,5000
1545199604992,564,q9835,c,50000
1545199630981,565,q4023,a,8000
1545199670304,566,q6222,a,23000
1545201296190,567,q1070,c,18000
1545201320915,568,q808,a,18000
1545201360423,569,q997,a,22000
1545201389799,570,q1131,a,16000
1545201412393,571,q1242,b,16000
1545201449169,572,q887,c,18000
1545201473393,573,q1126,a,18000
1545201507198,574,q985,a,19000
1545201632734,575,q2225,c,2000
1545201632740,575,q2224,b,2000
1545201632744,575,q2223,d,2000
1545204199784,576,q11247,c,35000
1545204272684,577,q111,a,27000
1545204327308,578,q96,c,31000
1545204368274,579,q8069,c,22000
1545204408909,580,q10969,a,20000
1545204442075,581,q8179,a,26000
1545204518763,582,q8177,a,23000
1545204558032,583,q57,a,21000
1545204595613,584,q11189,d,19000
1545204620850,585,q124,b,14000
1545204651421,586,q173,a,23000
1545204693581,587,q81,b,24000
1545204935429,588,q11064,c,25000
1545204983893,589,q86,a,27000
1545205036096,590,q127,b,33000
1545205087537,591,q8131,d,26000
1545205236047,592,q2129,a,3000
1545205236065,592,q2128,c,3000
1545205236070,592,q2127,a,3000
1545205294112,593,q2090,c,4333
1545205294133,593,q2089,b,4333
1545205294159,593,q2088,d,4333
1545205345350,594,q1954,d,333
1545205345357,594,q1953,a,333
1545205345380,594,q1955,b,333
1545205453805,595,q1802,b,11333
1545205453932,595,q1801,c,11333
1545205453939,595,q1800,b,11333
1545205614695,596,q11070,d,22000
1545223966732,597,q10692,a,30333
1545223966760,597,q10693,b,30333
1545223967308,597,q10691,a,30333
1545226843008,598,q7165,c,60000
1545226843189,598,q7166,b,60000
1545226935772,599,q250,c,20000
1545226963033,600,q439,c,18000
1545226994896,601,q1193,b,24000
1545227028364,602,q615,a,19000
1545227045707,603,q902,a,10000
1545227069845,604,q1081,a,16000
1545227103955,605,q372,c,16000
1545227148690,606,q1367,b,26000
1545227183598,607,q890,c,14000
1545227209919,608,q1145,a,19000
1545227244506,609,q484,c,18000
1545227287419,610,q1360,b,17000
1545227342770,611,q231,c,17000
1545227369110,612,q499,b,20000
1545227427270,613,q267,c,16000
1545266828470,614,q5400,d,15000
1545266905498,615,q8365,d,41000
1545281858828,616,q1364,a,17000
1545281884743,617,q1249,c,20000
1545281907034,618,q871,b,15000
1545281930698,619,q728,b,18000
1545281955474,620,q1056,c,19000
1545281978688,621,q621,a,17000
1545282003972,622,q353,c,16000
1545282025755,623,q731,b,14000
1545282053626,624,q545,a,22000
1545282089176,625,q1156,a,17000
1545282128629,626,q676,c,22000
1545282153001,627,q263,b,13000
1545282174081,628,q1143,c,13000
1545282195831,629,q1295,b,15000
1545282217531,630,q661,c,14000
1545282365583,631,q1629,d,10666
1545282365609,631,q1630,a,10666
1545282365617,631,q1631,b,10666
1545282612466,632,q1482,a,31333
1545282612501,632,q1484,b,31333
1545282612583,632,q1483,b,31333
1545283094875,633,q1771,c,2333
1545283094890,633,q1772,b,2333
1545283096017,633,q1770,a,2333
1545283190231,634,q1822,c,8333
1545283190257,634,q1823,d,8333
1545283190310,634,q1821,d,8333
1545283437107,635,q6853,b,33500
1545283437198,635,q6855,d,33500
1545283437260,635,q6854,a,33500
1545283437283,635,q6856,b,33500
1545283659853,636,q6640,b,40000
1545283659874,636,q6639,d,40000
1545283659950,636,q6637,b,40000
1545283660013,636,q6638,d,40000
1545283981231,637,q6783,c,47250
1545283981387,637,q6781,c,47250
1545283981425,637,q6784,a,47250
1545283981521,637,q6782,a,47250
1545284098878,638,q6059,d,17000
1545284153489,639,q3911,b,39000
1545284218489,640,q6501,d,20000
1545284295042,641,q9797,d,18000
1545288288210,642,q6253,c,4000
1545297576212,643,q8101,a,26000
1545297661988,644,q7,b,29000
1545297704524,645,q23,d,23000
1545297742995,646,q10994,a,21000
1545297769837,647,q8156,a,13000
1545300479244,648,q3659,c,32000
1545300528705,649,q6352,d,29000
1545300599015,650,q8534,a,29000
1545300682150,651,q4132,a,33000
1545300773081,652,q9606,c,42000
1545300821587,653,q6250,d,7000
1545309395392,654,q3435,a,1000
1545309395409,654,q3436,c,1000
1545309395432,654,q3437,b,1000
1545309479229,655,q2892,a,1333
1545309479257,655,q2894,c,1333
1545309479345,655,q2893,a,1333
1545309569357,656,q3472,b,1000
1545309569394,656,q3471,a,1000
1545309569401,656,q3473,a,1000
1545309634186,657,q2819,a,5333
1545309634228,657,q2818,a,5333
1545309634232,657,q2817,a,5333
1545309718972,658,q1612,a,1000
1545309718982,658,q1613,a,1000
1545309719116,658,q1611,c,1000
1545309801974,659,q1752,b,2333
1545309801976,659,q1753,d,2333
1545309801995,659,q1754,b,2333
1545309881396,660,q166,c,21000
1545309938276,661,q158,c,42000
1545310047610,662,q10949,c,21000
1545310076252,663,q35,a,23000
1545310150160,664,q60,a,20000
1545356261137,665,q10079,c,41000
1545356355251,666,q4202,b,28000
1545356390162,667,q4192,c,18000
1545356449955,668,q5393,c,49000
1545356522094,669,q8828,a,35000
1545356585732,670,q4557,b,51000
1545356622085,671,q6183,c,18000
1545356652800,672,q6740,d,14000
1545356691428,673,q9033,d,22000
1545356721410,674,q4625,a,9000
1545356751702,675,q9577,b,23000
1545360406684,676,q5393,d,9000
1545360435746,677,q3659,a,20000
1545360477659,678,q5782,c,22000
1545360542475,679,q8750,b,54000
1545361719045,680,q6222,a,38000
1545362108205,681,q6225,c,9000
1545362131421,682,q5987,a,4000
1545362141886,683,q4146,a,3000
1545362162255,684,q5959,b,12000
1545362188281,685,q9344,a,18000
1545362293649,686,q5772,d,30000
1545362345835,687,q4553,d,17000
1545362426441,688,q5320,a,52000
1545363310779,689,q8713,b,68000
1545363377841,690,q6156,c,12000
1545363459088,691,q4041,a,47000
1545363521112,692,q6188,b,6000
1545363551202,693,q10333,a,5000
1545363582076,694,q4757,b,24000
1545363645134,695,q5551,c,6000
1545363661334,696,q4498,d,7000
1545363795226,697,q9801,a,64000
1545363877981,698,q6391,a,49000
1545363906662,699,q4494,a,17000
1545364335562,700,q5321,b,4000
1545364358550,701,q4494,b,8000
1545364416750,702,q5437,a,32000
1545364584620,703,q8751,c,31000
1545364630999,704,q9578,d,25000
1545364699414,705,q6192,c,41000
1545364761625,706,q4530,b,47000
1545364845443,707,q9817,a,42000
1545364948926,708,q3698,c,87000
1545365004775,709,q4619,d,5000
1545365043474,710,q4187,b,32000
1545365102240,711,q9434,c,27000
1545365169230,712,q6187,d,27000
1545365236377,713,q4509,c,31000
1545365296361,714,q6264,d,28000
1545365323931,715,q9104,d,19000
1545365381841,716,q5051,c,31000
1545365434370,717,q8417,b,33000
1545368180979,718,q6032,a,45000
1545368231840,719,q9847,d,15000
1545368279215,720,q5623,c,39000
1545368318607,721,q5242,a,13000
1545368382186,722,q5407,a,36000
1545376866928,723,q8842,d,19000
1545403876416,724,q8666,b,51000
1545403964005,725,q6325,a,44000
1545404029289,726,q4865,a,57000
1545404100097,727,q9831,c,51000
1545404174670,728,q6141,c,53000
1545446190802,729,q8977,c,22000
1545446262369,730,q5416,a,18000
1545448804007,731,q5398,a,155000
1545449076288,732,q5468,b,2000
1545449144925,733,q9123,c,56000
1545449181656,734,q5327,d,27000
1545449413766,735,q4061,a,46000
1545449429739,736,q3984,a,3000
1545449472233,737,q8512,a,35000
1545449495951,738,q4387,c,10000
1545449514585,739,q3942,a,9000
1545449533141,740,q6242,a,10000
1545449576149,741,q9953,c,31000
1545449632039,742,q5785,b,36000
1545449694031,743,q4047,c,37000
1545454704770,744,q5092,d,25000
1545454791865,745,q9069,a,23000
1545454842772,746,q4096,d,10000
1545454920607,747,q4304,c,45000
1545454975868,748,q5992,a,20000
1545455054024,749,q8770,c,43000
1545455095483,750,q5070,d,5000
1545455191966,751,q4385,a,83000
1545455236551,752,q6504,b,16000
1545455277112,753,q9424,b,6000
1545455339083,754,q3901,c,17000
1545455404840,755,q5687,d,56000
1545455477397,756,q4886,d,12000
1545455525545,757,q9871,a,28000
1545455601446,758,q3953,b,17000
1545455630302,759,q5913,b,13000
1545455655903,760,q5859,d,15000
1545455681304,761,q10222,a,10000
1545455712964,762,q3847,a,10000
1545455851676,763,q4082,b,90000
1545475558266,764,q3754,d,5000
1545475571787,765,q9669,b,5000
1545475617391,766,q3795,a,4000
1545475688066,767,q4030,c,61000
1545475762555,768,q5289,c,18000
1545475829162,769,q8723,a,40000
1545475914045,770,q4592,a,29000
1545475954835,771,q5740,a,13000
1545475987232,772,q4188,a,11000
1545476082930,773,q9403,b,25000
1545476161325,774,q5348,d,33000
1545476183997,775,q6066,d,7000
1545476241781,776,q5507,b,36000
1545476301610,777,q8197,a,23000
1545476724597,778,q5111,a,72000
1545476820904,779,q4157,d,26000
1545476869187,780,q6422,d,8000
1545476929148,781,q8912,d,53000
1545477042661,782,q5280,c,84000
1545477175436,783,q3943,d,71000
1545477229249,784,q4872,b,24000
1545477309092,785,q9134,b,48000
1545477400018,786,q4747,a,65000
1545477470640,787,q3700,d,33000
1545520523431,788,q6470,c,7000
1545520548958,789,q9949,a,18000
1545520561951,790,q3759,a,4000
1545520586029,791,q4300,d,15000
1545520623673,792,q5590,a,17000
1545520681951,793,q10321,a,13000
1545520720347,794,q5657,c,16000
1545529448141,795,q5331,a,49000
1545529495368,796,q4427,b,17000
1545529527440,797,q10310,b,24000
1545529556352,798,q6087,a,21000
1545529578545,799,q4468,b,14000
1545529649010,800,q5067,d,25000
1545535911161,801,q10281,d,94000
1545535967055,802,q4912,a,5000
1545535985575,803,q4170,c,9000
1545536004918,804,q5787,b,12000
1545536060727,805,q9826,a,26000
1545536075768,806,q4519,a,2000
1545536117173,807,q5075,b,19000
1545536153437,808,q6353,d,10000
1545536215060,809,q10170,b,28000
1545544626012,810,q3761,c,4000
1545544646538,811,q9579,b,12000
1545544710536,812,q5238,b,13000
1545544746292,813,q9397,d,22000
1545544769085,814,q4467,a,7000
1545544888570,815,q8700,a,50000
1545561149175,816,q4272,b,48000
1545561377058,817,q9706,c,30000
1545561432444,818,q5054,a,37000
1545561451128,819,q4783,a,3000
1545561509705,820,q4167,c,50000
1545561551139,821,q8940,a,15000
1545567604701,822,q468,c,19000
1545567770226,823,q4843,c,122000
1545567943329,824,q5681,d,86000
1545567998778,825,q4565,b,24000
1545568038589,826,q8586,c,26000
1545568110800,827,q5049,a,55000
1545568149939,828,q5343,c,6000
1545568220156,829,q5310,a,62000
1545568266512,830,q10006,c,14000
1545568290840,831,q6440,d,15000
1545568377488,832,q5218,d,40000
1545568414998,833,q4076,a,22000
1545568528708,834,q8900,b,98000
1545568739108,835,q2105,c,3333
1545568739528,835,q2103,a,3333
1545568739557,835,q2104,a,3333
1545568758524,836,q31,d,7000
1545568790332,837,q9577,b,25000
1545568811489,838,q5676,c,3000
1545568817783,839,q8050,b,1000
1545568840484,840,q4615,c,18000
1545568849345,841,q4519,c,3000
1545573443117,842,q4267,c,16000
1545573498307,843,q5148,d,46000
1545573580688,844,q6287,a,37000
1545573641516,845,q9905,b,31000
1545615961836,846,q5714,c,36000
1545615988261,847,q5094,c,9000
1545616001713,848,q5375,c,5000
1545616032185,849,q9355,c,21000
1545616084605,850,q5379,a,21000
1545631668840,851,q8162,b,28000
1545631714377,852,q11107,c,26000
1545631749131,853,q191,b,23000
1545631806485,854,q167,a,10000
1545631832319,855,q8072,a,21000
1545631874348,856,q891,c,17000
1545631896425,857,q1345,c,16000
1545631924481,858,q217,a,17000
1545631944145,859,q1053,b,13000
1545631967625,860,q393,c,17000
1545632061606,861,q2439,a,4666
1545632061692,861,q2440,d,4666
1545632061737,861,q2441,b,4666
1545633947940,862,q5652,d,87000
1545634377031,863,q5694,a,242000
1545634436691,864,q9411,a,10000
1545634493572,865,q3912,a,32000
1545634582199,866,q5773,b,40000
1545634612040,867,q5523,a,10000
1545634710812,868,q9462,a,54000
1545634792719,869,q4904,c,36000
1545635016066,870,q6177,d,12000
1545635053005,871,q5322,c,29000
1545635192174,872,q9862,c,50000
1545635369396,873,q8424,b,119000
1545637416188,874,q5321,b,5000
1545637426418,875,q5320,b,2000
1545637469107,876,q4176,c,11000
1545637492489,877,q4034,d,4000
1545637514446,878,q8529,b,9000
1545637552731,879,q4820,d,11000
1545637649342,880,q5673,b,88000
1545637697584,881,q5250,d,19000
1545637749645,882,q9409,d,23000
1545637802077,883,q4277,b,36000
1545637821735,884,q4276,c,5000
1545637891397,885,q8687,b,55000
1545638011270,886,q9169,c,65000
1545638052818,887,q5325,b,5000
1545638074262,888,q4545,c,13000
1545638117777,889,q5598,a,34000
1545638158402,890,q8893,a,28000
1545638228751,891,q6514,a,59000
1545638326894,892,q5736,a,13000
1545638362392,893,q6193,a,26000
1545646585156,894,q10084,b,25000
1545646996068,895,q6754,b,135000
1545647079267,896,q5502,b,3000
1545647132792,897,q5262,b,46000
1545647187336,898,q9726,d,34000
1545647235004,899,q4726,a,24000
1545647293709,900,q3998,b,21000
1545647363274,901,q5516,c,39000
1545647413749,902,q8494,d,40000
1545647516159,903,q5656,a,40000
1545647599064,904,q5334,a,55000
1545647690389,905,q6527,d,32000
1545647725726,906,q8864,b,16000
1545647774329,907,q6072,b,32000
1545647810335,908,q6224,c,26000
1545647906962,909,q3775,c,63000
1545647985022,910,q9753,c,18000
1545648735872,911,q11528,b,54250
1545648735876,911,q11530,a,54250
1545648735890,911,q11529,b,54250
1545648735998,911,q11527,d,54250
1545655916545,912,q3904,a,6000
1545655927038,913,q3919,a,3000
1545655966877,914,q4031,b,13000
1545656002863,915,q10289,a,27000
1545656087571,916,q5768,c,3000
1545656106973,917,q4018,c,8000
1545656131146,918,q6012,a,7000
1545656159490,919,q9884,c,20000
1545656201088,920,q4484,b,30000
1545656299329,921,q4107,b,78000
1545656353800,922,q6058,c,25000
1545656398533,923,q10161,b,20000
1545656433624,924,q3997,c,25000
1545656452990,925,q5318,c,7000
1545661998472,926,q6401,a,19000
1545662052521,927,q10269,d,27000
1545662113238,928,q4478,a,3000
1545662185401,929,q4402,a,56000
1545662356687,930,q4775,a,145000
1545662484712,931,q3727,d,24000
1545662529904,932,q4839,b,38000
1545662667694,933,q4537,a,88000
1545662771534,934,q4901,b,68000
1545662844048,935,q9185,b,34000
1545662922436,936,q6155,d,24000
1545662966218,937,q5763,d,15000
1545663001453,938,q4035,a,17000
1545663349348,939,q9755,c,24000
1545663440071,940,q4172,d,49000
1545663480169,941,q6745,c,9000
1545663499335,942,q3665,b,11000
1545663528146,943,q9476,b,9000
1545663557021,944,q5744,c,20000
1545663573852,945,q5526,a,4000
1545663592429,946,q5285,a,11000
1545663635085,947,q8988,d,29000
1545663695302,948,q5274,d,24000
1545663730219,949,q5350,b,26000
1545710283339,950,q5505,b,17000
1545710362391,951,q8957,b,70000
1545710421557,952,q5251,c,20000
1545710439642,953,q3983,c,7000
1545710463343,954,q4346,c,12000
1545710523302,955,q9461,d,27000
1545710548308,956,q4312,c,17000
1545710573134,957,q4436,c,16000
1545712978392,958,q5635,b,30000
1545713027522,959,q10199,b,35000
1545713065239,960,q5110,a,20000
1545713106424,961,q5236,d,24000
1545737394983,962,q3930,b,39000
1545737459829,963,q8546,b,31000
1545737528405,964,q6467,b,20000
1545737599522,965,q4906,c,25000
1545737620341,966,q4492,b,13000
1545745483999,967,q9972,d,44000
1545745508427,968,q6408,b,11000
1545745533385,969,q4200,c,18000
1545746111932,970,q5045,b,7000
1545746557643,971,q9099,a,60000
1545746581768,972,q5336,b,8000
1545746606379,973,q4516,c,17000
1545746653010,974,q6370,b,30000
1545746703184,975,q8611,a,42000
1545746772319,976,q4603,d,29000
1545746862995,977,q5095,d,74000
1545748062258,978,q4525,b,31000
1545748077194,979,q9388,d,6000
1545784606466,980,q4564,b,7000
1545784785175,981,q6055,d,102000
1545784830549,982,q3803,b,4000
1545784933056,983,q9792,a,73000
1545785001649,984,q4887,d,26000
1545785087888,985,q3755,c,44000
1545785116978,986,q5612,a,7000
1545785153763,987,q9146,a,28000
1545785266071,988,q6097,b,80000
1545785475722,989,q3684,b,45000
1545785725754,990,q6528,c,68000
1545785851093,991,q10133,d,56000
1545785923413,992,q4602,c,37000
1545785977137,993,q6507,d,43000
1545786135300,994,q6547,d,90000
1545786192703,995,q10291,a,12000
1545786243548,996,q4805,d,36000
1545786407989,997,q4910,b,33000
1545786472846,998,q5411,c,23000
1545786556561,999,q9873,c,39000
1545786612962,1000,q4671,b,3000
1545786764399,1001,q5353,a,86000
1545786812743,1002,q4507,c,9000
1545786834095,1003,q10252,b,6000
1545787025328,1004,q4593,a,98000
1545787136121,1005,q5347,c,72000
1545787250092,1006,q4836,c,93000
1545787374457,1007,q9551,b,32000
1545787501758,1008,q3829,a,42000
1545787546113,1009,q4360,b,6000
1545787593321,1010,q6258,b,35000
1545787667840,1011,q8880,b,43000
1545787853443,1012,q4128,b,41000
1545788011400,1013,q3674,b,65000
1545788144994,1014,q4317,d,26000
1545789540471,1014,q4317,c,3000
1545789564118,1015,q4872,d,4000
1545789593779,1016,q10132,c,19000
1545789708438,1017,q2322,c,12000
1545789708699,1017,q2323,c,12000
1545789708822,1017,q2324,d,12000
1545791966713,1018,q8460,a,8000
1545792093163,1019,q6202,d,82000
1545792140605,1020,q5774,a,16000
1545798588234,1021,q8779,c,41000
1545813324688,1022,q1915,d,7333
1545813324693,1022,q1914,d,7333
1545813324709,1022,q1916,c,7333
1545813441091,1023,q11002,a,20000
1545813465989,1024,q160,d,19000
1545813494486,1025,q34,b,20000
1545813535206,1026,q8092,b,25000
1545813571052,1027,q11175,a,21000
1545813707228,1027,q11175,c,38000
1545813768488,1028,q66,d,26000
1545813829916,1029,q8057,c,3000
1545813893652,1030,q22,c,20000
1545813946887,1031,q11230,d,21000
1545813974593,1032,q8174,c,20000
1545814019517,1033,q77,d,30000
1545814209686,1034,q1742,a,333
1545814209767,1034,q1741,d,333
1545814209775,1034,q1740,a,333
1545814288161,1035,q1895,d,666
1545814288610,1035,q1893,a,666
1545814288618,1035,q1894,b,666
1545821700160,1036,q3032,b,15000
1545821700209,1036,q3030,d,15000
1545821700211,1036,q3031,a,15000
1545821761394,1037,q3517,b,1000
1545821761441,1037,q3516,a,1000
1545821761452,1037,q3518,a,1000
1545821953868,1038,q3502,a,4000
1545821953897,1038,q3503,a,4000
1545821954055,1038,q3501,d,4000
1545822091139,1039,q11315,c,3666
1545822091141,1039,q11316,a,3666
1545822091518,1039,q11314,c,3666
1545822176295,1040,q5064,b,25000
1545822222339,1041,q4524,d,38000
1545822237180,1042,q5387,a,7000
1545822304405,1043,q9988,c,49000
1545822356104,1044,q3789,a,29000
1545822439368,1045,q6419,a,70000
1545822495997,1046,q4836,b,8000
1545822533300,1047,q6202,b,19000
1545822902778,1048,q6077,d,15000
1545823052771,1049,q10226,b,23000
1545823076700,1050,q3780,a,4000
1545823120226,1051,q5332,a,30000
1545823245701,1052,q6502,c,111000
1545823378240,1053,q9984,c,15000
1545823423570,1054,q4750,a,6000
1545823477933,1055,q9607,a,47000
1545823642423,1056,q5279,c,27000
1545823679646,1057,q10224,c,12000
1545823707298,1058,q4032,d,18000
1545823765669,1059,q4316,d,14000
1545824218822,1060,q3808,d,13000
1545824246909,1061,q8622,d,20000
1545824275029,1062,q4482,c,21000
1545824344926,1063,q6441,d,22000
1545836058592,1064,q4896,a,54000
1545836100253,1065,q8945,a,23000
1545836165676,1066,q5057,c,50000
1545836375835,1067,q4059,a,115000
1545836487301,1068,q5324,c,50000
1545836552363,1069,q8796,c,41000
1545836586393,1070,q5312,c,23000
1545836728295,1071,q4670,a,5000
1545836835561,1072,q5747,d,11000
1545836870332,1073,q10244,c,28000
1545836907350,1074,q4755,d,18000
1545836929584,1075,q3770,b,15000
1545870469667,1076,q3159,d,20666
1545870469680,1076,q3160,c,20666
1545870469965,1076,q3161,c,20666
1545876555549,1077,q825,c,31000
1545876637286,1078,q397,b,16000
1545888117489,1079,q1037,a,22000
1545888319505,1080,q3757,b,59000
1545888371160,1081,q9003,b,37000
1545907775459,1082,q4766,a,7000
1545907801848,1083,q3923,c,20000
1545907851358,1084,q5074,c,13000
1545907904534,1085,q8639,b,34000
1545907934872,1086,q6067,a,5000
1545907952850,1087,q6351,d,10000
1545908001533,1088,q4319,a,18000
1545908053609,1089,q9736,a,14000
1545908109540,1090,q4500,a,32000
1545908178749,1091,q9591,c,19000
1545908357478,1092,q4215,b,96000
1545908428054,1093,q4177,c,27000
1545908482005,1094,q3794,c,45000
1545908693535,1095,q4577,c,9000
1545908801626,1096,q3655,b,54000
1545915872754,1097,q9951,c,29000
1545915954315,1098,q4122,b,22000
1545923568045,1099,q4483,d,4000
1545929887478,1100,q3666,a,17000
1545929930722,1101,q4837,b,31000
1545929995205,1102,q9159,c,14000
1545930018175,1103,q6749,a,12000
1545930048037,1104,q4838,a,17000
1545930064422,1105,q4337,b,8000
1545930133489,1106,q9401,d,52000
1545930174785,1107,q4767,c,20000
1545930219877,1108,q9594,d,28000
1545930241580,1109,q5304,c,9000
1545930284792,1110,q8860,d,18000
1545930311798,1111,q5410,c,14000
1545930388163,1112,q9599,d,69000
1545930580028,1113,q5071,b,8000
1545930663621,1114,q9692,a,74000
1545930728740,1115,q4779,d,21000
1545930741236,1116,q6741,b,5000
1545930755748,1117,q8458,b,7000
1545930830145,1118,q8966,d,65000
1545930900207,1119,q6332,b,45000
1545930944017,1120,q6231,b,7000
1545931044563,1121,q6082,b,92000
1545931087997,1122,q8865,b,17000
1545931105811,1123,q6486,a,8000
1545968462527,1124,q1935,b,30666
1545968462561,1124,q1937,c,30666
1545968462571,1124,q1936,c,30666
1545968863677,1125,q2506,c,27666
1545968865892,1125,q2505,a,27666
1545968865912,1125,q2507,c,27666
1545969133664,1126,q1522,c,4333
1545969133690,1126,q1523,b,4333
1545969133706,1126,q1521,a,4333
1545972985252,1127,q2916,b,666
1545972985294,1127,q2918,a,666
1545972985522,1127,q2917,b,666
1545973903089,1128,q3475,c,2333
1545973903110,1128,q3474,b,2333
1545973903132,1128,q3476,d,2333
1545974246241,1129,q11311,c,333
1545974246260,1129,q11312,a,333
1545974246263,1129,q11313,c,333
1545974371913,1130,q3198,d,7000
1545974371925,1130,q3199,b,7000
1545974372117,1130,q3200,c,7000
1545974426324,1131,q2718,a,2666
1545974426351,1131,q2720,a,2666
1545974426387,1131,q2719,c,2666
1545977036614,1132,q4692,a,3000
1545977072473,1133,q5622,a,19000
1545977109170,1134,q8835,b,28000
1545977144057,1135,q5447,a,10000
1545977157107,1136,q9620,a,6000
1545977226078,1137,q5397,d,55000
1545977329379,1138,q9113,d,88000
1545977939614,1139,q4517,a,8000
1545977957088,1140,q6723,b,6000
1545978005548,1141,q5775,c,40000
1545978045953,1142,q10261,b,21000
1545978129675,1143,q5066,a,63000
1545978205073,1144,q4785,b,56000
1545991702669,1145,q5699,d,42000
1545991725001,1146,q9400,d,15000
1545991747368,1147,q4015,c,4000
1545991768533,1148,q4271,a,14000
1545991804832,1149,q6544,a,26000
1545991882645,1150,q10100,b,39000
1545991939921,1151,q6142,a,21000
1545992433768,1152,q5929,d,27000
1545992545451,1153,q6321,d,98000
1545992626739,1154,q9711,a,47000
1545992708047,1155,q6259,c,32000
1545992722275,1156,q5784,d,5000
1545992742983,1157,q5731,c,13000
1545992765763,1158,q8919,b,12000
1545992894089,1159,q3730,a,82000
1545993186871,1160,q5748,b,129000
1545993243359,1161,q5073,a,13000
1545993293926,1162,q10218,a,18000
1545993313091,1163,q5288,d,5000
1545993356774,1164,q4907,c,35000
1545993375403,1165,q3898,c,8000
1545993512370,1166,q9952,b,43000
1545993583139,1167,q4196,a,5000
1545993636899,1168,q6423,a,23000
1545993727384,1169,q6029,c,38000
1545993900075,1170,q9065,c,131000
1545994034661,1171,q4656,a,104000
1545994081627,1172,q4480,a,31000
1545994194377,1173,q4652,d,21000
1545994286249,1174,q9555,d,84000
1545994364294,1175,q5062,b,52000
1545994441032,1176,q3977,a,20000
1546002510765,1177,q3122,d,4666
1546002510785,1177,q3120,b,4666
1546002510796,1177,q3121,d,4666
1546004054940,1178,q3151,a,10666
1546004054952,1178,q3150,a,10666
1546004054969,1178,q3152,a,10666
1546055848664,1179,q8105,a,22000
1546055897989,1180,q11042,b,22000
1546055967093,1181,q8108,d,30000
1546056001597,1182,q119,d,24000
1546056027791,1183,q112,b,20000
1546056056436,1184,q11011,b,21000
1546056087811,1185,q8140,a,23000
1546056125548,1186,q170,b,26000
1546076933401,1187,q3921,b,32000
1546076991552,1188,q8619,a,21000
1546077046964,1189,q4895,c,22000
1546077804709,1190,q8659,a,10000
1546084849687,1191,q4544,d,13000
1546084969772,1192,q9105,c,25000
1546085015757,1193,q5078,a,13000
1546085098650,1194,q6111,b,33000
1546085124264,1195,q5068,a,16000
1546085238947,1196,q9830,a,105000
1546085296777,1197,q4489,b,24000
1546085425255,1198,q4891,b,83000
1546085496501,1199,q4473,a,16000
1546085558098,1200,q9965,d,44000
1546085599551,1201,q4191,d,18000
1546085717982,1202,q5413,c,76000
1546085814671,1203,q6237,d,57000
1546085825186,1204,q8747,c,3000
1546085862519,1205,q6196,a,28000
1546085881977,1206,q4410,b,10000
1546085898835,1207,q4481,c,8000
1546085966949,1208,q9453,b,47000
1546086002888,1209,q6013,a,9000
1546086060644,1210,q4328,d,49000
1546129018710,1211,q6521,b,7000
1546129065786,1212,q8742,d,14000
1546129108981,1213,q9638,d,6000
1546129129558,1214,q5316,c,9000
1546129179638,1215,q6243,c,12000
